Depth(A) Force(eV/A)
0.019999999999996 0
0.0400000000000063 0.0106760292208628
0.0600000000000023 0
0.0799999999999983 0.108737486488409
0.0999999999999943 0.00956260449785585
0.120000000000005 0.319177739846153
0.140000000000001 0
0.159999999999997 0.0260300403262214
0.180000000000007 0
0.200000000000003 0
0.219999999999999 0
0.239999999999995 0
0.260000000000005 0
0.280000000000001 0
0.299999999999997 0
0.319999999999993 0
0.340000000000003 0
0.359999999999999 0
0.379999999999995 0
0.400000000000006 0
0.420000000000002 0
0.439999999999998 0
0.459999999999994 0.734177103689824
0.480000000000004 0.969118425205341
0.5 1.16691673273665
0.519999999999996 0.539902291761493
0.540000000000006 0.493530823208298
0.560000000000002 1.88262026246731
0.579999999999998 1.64931015592102
0.599999999999994 1.42768443089822
0.620000000000005 0.506002054407085
0.640000000000001 0.0784001287367523
0.659999999999997 0.316888017897945
0.680000000000007 0.0676744817087197
0.700000000000003 0.174211695329852
0.719999999999999 0
0.739999999999995 0
0.760000000000005 0.152744611084362
0.780000000000001 0
0.799999999999997 0.120615803902467
0.819999999999993 0.279793533354097
0.840000000000003 0.188598226527131
0.859999999999999 1.0026108210874
0.879999999999995 0.767432130433752
0.900000000000006 3.69018542146256
0.920000000000002 3.03291939459594
0.939999999999998 3.86926694741017
0.959999999999994 3.58021060006989
0.980000000000004 5.63890254193636
1 3.66508466004638
1.02 4.05083013578673
1.04000000000001 4.24522023901982
1.06 3.81485908952833
1.08 4.64032633958676
1.09999999999999 3.35898355099073
1.12 2.54833440815716
1.14 3.33623776128634
1.16 2.70619199005074
1.18000000000001 2.59710849741831
1.2 3.28037603440674
1.22 1.52816379410544
1.23999999999999 2.29651571911916
1.26000000000001 3.19187653942332
1.28 2.96458456630539
1.3 3.39724282996557
1.31999999999999 4.54136261009885
1.34 5.62576441271468
1.36 5.59509635271773
1.38 8.68249069497559
1.40000000000001 6.23470425047852
1.42 9.1173745032468
1.44 8.88137648046565
1.45999999999999 8.87475365404432
1.48 8.88360791759306
1.5 8.51958310749242
1.52 8.84222560060611
1.54000000000001 9.72318844624569
1.56 6.99323387198983
1.58 4.80855924690951
1.59999999999999 7.05140708015388
1.62 4.28775227361437
1.64 5.52136746997372
1.66 4.53342565829455
1.68000000000001 7.76936309441034
1.7 4.44703030223604
1.72 6.70232591083094
1.73999999999999 7.17714488132911
1.76000000000001 8.61621852628837
1.78 11.8035082067928
1.8 10.8364602293268
1.81999999999999 13.0182497227683
1.84 10.7662544293265
1.86 16.3752772437738
1.88 13.1326578956806
1.90000000000001 10.3813065205519
1.92 15.9702251395164
1.94 14.7508209064671
1.95999999999999 14.7281965890972
1.98 16.1622953012897
2 8.65541332094864
2.02 13.3783559760178
2.04000000000001 9.58001066793023
2.06 10.9041918033046
2.08 11.5017523676855
2.09999999999999 9.58445212199178
2.12 11.3360916017907
2.14 8.32918403954043
2.16 12.5108112084605
2.18000000000001 16.3298916319928
2.2 13.1626649118821
2.22 14.138600959823
2.23999999999999 17.4602718379384
2.26000000000001 18.9439914151244
2.28 19.1562865193829
2.3 18.3769247125239
2.31999999999999 21.3784615515429
2.34 21.1209297986351
2.36 19.7133993787191
2.38 17.0261189700982
2.40000000000001 18.1031847418025
2.42 19.0811176830873
2.44 18.1012678430832
2.45999999999999 17.2266030281052
2.48 19.755845915748
2.5 18.0294853599054
2.52 17.0089879275693
2.54000000000001 19.5157306896623
2.56 19.1248373937123
2.58 18.5579402211351
2.59999999999999 17.0133663313508
2.62 18.5136812911043
2.64 25.9358510536675
2.66 19.8610789133292
2.68000000000001 25.8851965584754
2.7 24.5197859766618
2.72 25.2229778748488
2.73999999999999 23.1919062555782
2.76000000000001 30.0451743866064
2.78 26.2395057161891
2.8 21.616697770893
2.81999999999999 29.4213452757106
2.84 26.3053107542228
2.86 25.0757846435571
2.88 29.5579996231597
2.90000000000001 22.8746421910404
2.92 24.6697567325791
2.94 25.0364679756802
2.95999999999999 25.7393190356839
2.98 29.0983195489396
3 22.5362393028415
3.02 20.277491057825
3.04000000000001 25.1642501074971
3.06 31.448588468477
3.08 29.3045966751521
3.09999999999999 29.1882728875189
3.12 30.5956207365934
3.14 35.0812982321319
3.16 36.0254915954196
3.18000000000001 30.8766439678736
3.2 35.907941161144
3.22 34.3431769901818
3.23999999999999 36.4835556050773
3.26000000000001 33.375462515488
3.28 35.233679939345
3.3 28.422555469903
3.31999999999999 29.58759855167
3.34 32.3374598552103
3.36 33.6707861866272
3.38 29.1335150696845
3.40000000000001 28.2642317539623
3.42 31.7830099632938
3.44 30.6861409171166
3.45999999999999 30.0581810280056
3.48 34.0784675757421
3.5 34.1934577387915
3.52 36.0316904778828
3.54000000000001 40.75857939144
3.56 44.4022006683905
3.58 37.8546013941053
3.59999999999999 38.7349165078043
3.62 44.4149233794455
3.64 35.1298871591064
3.66 38.3144670498767
3.68000000000001 38.5078295628195
3.7 33.2414835582744
3.72 36.8121818412066
3.73999999999999 36.8589004995106
3.76000000000001 40.2615292874449
3.78 45.114455393722
3.8 31.074533730626
3.81999999999999 36.7820061456353
3.84 41.1463980179154
3.86 46.2673344655536
3.88 43.4357148434825
3.90000000000001 38.0298343134807
3.92 40.2599328403659
3.94 39.8191338638259
3.95999999999999 49.0797168972512
3.98 42.8876684444094
4 48.3445505897007
4.02 52.251254532987
4.04000000000001 45.5077522413913
4.06 51.9830726310943
4.08 42.9035381017946
4.09999999999999 44.971493649323
4.12 49.480596037918
4.14 43.1469383696208
4.16 53.5328771299195
4.18000000000001 45.4820863431583
4.2 48.316356007988
4.22 37.8329788322295
4.23999999999999 47.382299967204
4.26000000000001 46.7759544727229
4.28 43.9925821499576
4.3 50.2798522926845
4.31999999999999 53.6823684541489
4.34 53.1431279282857
4.36 56.5845324824587
4.38 54.1940805971076
4.40000000000001 48.872758409129
4.42 58.0552372323448
4.44 61.1121389677269
4.45999999999999 53.7938229829836
4.48 55.7607880952485
4.5 51.7635139264336
4.52 55.8562381623705
4.54000000000001 56.4037447928058
4.56 59.5013821054047
4.58 55.5136612936665
4.59999999999999 58.9323740080254
4.62 55.3645187824701
4.64 52.2890836288001
4.66 56.188269315621
4.68000000000001 54.4264412698364
4.7 54.6175163730747
4.72 56.8272951844956
4.73999999999999 54.6990681180585
4.76000000000001 64.7739057903284
4.78 57.6012288018883
4.8 58.0825386136433
4.81999999999999 67.1927507370695
4.84 67.8367423010143
4.86 62.9807806848656
4.88 59.9722702632606
4.90000000000001 63.8209252417994
4.92 62.6340313114346
4.94 64.1792178368844
4.95999999999999 54.0278767361587
4.98 70.1539838229768
5 67.1296193777972
5.02 61.1534246006172
5.04000000000001 66.5519347673719
5.06 68.8514389497087
5.08 64.0851046286968
5.09999999999999 67.8701510099037
5.12 60.4273476063044
5.14 62.8373494539333
5.16 64.1756887129166
5.18000000000001 69.6391248583673
5.2 65.2244860079001
5.22 73.589327126709
5.23999999999999 75.4090541596877
5.26000000000001 66.4728173935608
5.28 68.014931622141
5.3 69.449529350492
5.31999999999999 72.3691936525093
5.34 62.9110442262134
5.36 69.8676682608429
5.38 69.2591096343671
5.40000000000001 68.6760423885083
5.42 69.8793531180081
5.44 72.8098609556603
5.45999999999999 73.7299939260462
5.48 73.1092432190448
5.5 75.1062329305527
5.52 73.2445946362754
5.54000000000001 76.7857859494251
5.56 72.6605345232087
5.58 74.1255256897158
5.59999999999999 68.7173798936928
5.62 76.7773660933206
5.64 72.6647491827723
5.66 75.588753320771
5.68000000000001 88.2302040958068
5.7 80.3692632857338
5.72 74.3662366609805
5.73999999999999 79.7777731304998
5.76000000000001 79.683456728394
5.78 77.2690369535959
5.8 84.2081625446075
5.81999999999999 75.660233807209
5.84 67.2289878665663
5.86 77.8677528411396
5.88 72.3638017671417
5.90000000000001 79.246812929458
5.92 62.6523584582898
5.94 74.9144957049976
5.95999999999999 73.1148908176286
5.98 81.7120774562265
6 79.4242003664816
4.0390115825986 0
4.01901158259859 8.80728305545749
3.9990115825986 41.2296539945328
3.9790115825986 53.9292027851793
3.95901158259861 50.2950882786398
3.9390115825986 40.5964425685538
3.9190115825986 39.614178929911
3.8990115825986 40.7232791732398
3.87901158259859 32.5812081584215
3.8590115825986 25.0722801922221
3.8390115825986 23.4685022836616
3.81901158259861 23.4546676610413
3.7990115825986 23.2935976431331
3.7790115825986 23.3695124926257
3.7590115825986 27.1664384765887
3.73901158259861 26.9915372851271
3.7190115825986 24.8474280742353
3.6990115825986 25.415107887443
3.6790115825986 19.5916820900308
3.65901158259859 20.4059110367665
3.6390115825986 24.7002579188381
3.6190115825986 28.4225161521717
3.59901158259861 23.075977922428
3.5790115825986 18.911155485962
3.5590115825986 17.8651611675612
3.5390115825986 14.5867794140404
3.51901158259859 17.7015059048264
3.4990115825986 19.5372860848608
3.4790115825986 21.8455100694337
3.45901158259861 22.2794665504201
3.4390115825986 22.3159397701362
3.4190115825986 26.322524465954
3.3990115825986 18.0398726016948
3.37901158259859 18.0747695479994
3.3590115825986 14.5971029574201
3.3390115825986 13.0337265993893
3.31901158259861 16.6200342714389
3.2990115825986 17.2217633899716
3.2790115825986 13.1207382358235
3.2590115825986 8.29698717191545
3.23901158259861 8.59959601009192
3.2190115825986 7.7586136467823
3.1990115825986 8.31697824592279
3.1790115825986 11.16318339497
3.15901158259859 10.103097240001
3.1390115825986 11.2328780683943
3.1190115825986 10.7818344642161
3.09901158259861 14.9670437608948
3.0790115825986 16.8025638155927
3.0590115825986 6.08636451122571
3.0390115825986 9.56425404955971
3.01901158259859 7.86733988042501
2.9990115825986 7.07918512269392
2.9790115825986 10.2727820736073
2.95901158259861 9.79577758629343
2.9390115825986 11.009266405086
2.9190115825986 12.0073994825318
2.8990115825986 14.821288628933
2.87901158259859 12.7713842767174
2.8590115825986 5.71773674548907
2.8390115825986 9.03500845491692
2.81901158259861 7.1745793601118
2.7990115825986 2.59303107319074
2.7790115825986 2.04187810344023
2.7590115825986 1.12658258597362
2.73901158259861 0.50764567005903
2.7190115825986 3.37192406487033
2.6990115825986 1.71017851819308
2.6790115825986 5.92752673435411
2.65901158259859 6.44270324062968
2.6390115825986 8.9680426452877
2.6190115825986 9.77421930532727
2.59901158259861 7.65471582554245
2.5790115825986 4.44309847170658
2.5590115825986 3.29086506747063
2.5390115825986 3.99442136096957
2.51901158259859 2.06670705433892
2.4990115825986 2.61725489720835
2.4790115825986 2.04929010813636
2.45901158259861 1.78231090911303
2.4390115825986 1.53819384943291
2.4190115825986 2.8339346955816
2.3990115825986 0.862168981172684
2.37901158259859 0.585462528094515
2.3590115825986 0.0364279930382684
2.3390115825986 0.82249308559375
2.31901158259861 0.13930596563487
2.2990115825986 0.48095497499194
2.2790115825986 0.349412547244413
2.2590115825986 1.22774799136934
2.23901158259861 0.0884226137879759
2.2190115825986 0.382315300897174
2.1990115825986 0.353731931942634
2.1790115825986 0.844541872747233
2.15901158259859 0.964433165701379
2.1390115825986 1.15285345545725
2.1190115825986 1.88785733023336
2.09901158259861 1.44605347088005
2.0790115825986 0.355575456603155
2.0590115825986 0.0418280249816765
2.0390115825986 0.076474046958251
2.01901158259859 0.000252591545153387
1.9990115825986 0.0422863059537628
1.9790115825986 0.00510163161649744
1.95901158259861 0
1.9390115825986 0.0435972985587524
1.9190115825986 0
1.8990115825986 0
1.87901158259859 0
1.8590115825986 0.00187708674813188
1.8390115825986 0
1.81901158259861 9.25711314439777e-06
1.7990115825986 0
1.7790115825986 0
1.7590115825986 0.119596339784174
1.73901158259861 0
1.7190115825986 0
1.6990115825986 0
1.6790115825986 0
1.65901158259859 0
1.6390115825986 0
1.6190115825986 0
1.59901158259861 0
1.5790115825986 0
1.5590115825986 0
1.5390115825986 0
1.51901158259859 0
1.4990115825986 0
1.4790115825986 0
1.45901158259861 0
1.4390115825986 0
1.4190115825986 0
1.3990115825986 0
1.37901158259859 0
1.3590115825986 0
1.3390115825986 0
1.31901158259861 0
1.2990115825986 0
1.2790115825986 0
1.2590115825986 0
1.23901158259861 0
1.2190115825986 0
1.1990115825986 0
1.1790115825986 0
1.15901158259859 0
1.1390115825986 0
1.1190115825986 0
1.09901158259861 0
1.0790115825986 0
1.0590115825986 0
1.0390115825986 0
1.01901158259859 0
0.999011582598598 0
0.979011582598602 0
0.959011582598606 0
0.939011582598596 0
0.9190115825986 0
0.899011582598604 0
0.879011582598594 0
0.859011582598598 0
0.839011582598602 0
0.819011582598606 0
0.799011582598595 0
0.779011582598599 0
0.759011582598603 0
0.739011582598607 0
0.719011582598597 0
0.699011582598601 0
0.679011582598605 0
0.659011582598595 0
0.639011582598599 0
0.619011582598603 0
0.599011582598607 0
0.579011582598596 0
0.5590115825986 0
0.539011582598604 0
0.519011582598594 0
0.499011582598598 0
0.479011582598602 0
0.459011582598606 0
0.439011582598596 0
0.4190115825986 0
0.399011582598604 0
0.379011582598594 0
0.359011582598598 0
0.339011582598602 0
0.319011582598606 0
0.299011582598595 0
0.279011582598599 0
0.259011582598603 0
0.239011582598607 0
0.219011582598597 0
0.199011582598601 0
0.179011582598605 0
0.159011582598595 0
0.139011582598599 0
0.119011582598603 0
0.0990115825986067 0
0.0790115825985964 0
0.0590115825986004 0
0.0390115825986044 0
0.0190115825985941 0
-0.000988417401401875 0
-0.0209884174013979 0
-0.0409884174013939 0
-0.0609884174014041 0
-0.0809884174014002 0
-0.100988417401396 0
-0.120988417401406 0
-0.140988417401402 0
-0.160988417401398 0
-0.180988417401394 0
-0.200988417401405 0
-0.220988417401401 0
-0.240988417401397 0
-0.260988417401393 0
-0.280988417401403 0
-0.300988417401399 0
-0.320988417401395 0
-0.340988417401405 0
-0.360988417401401 0
-0.380988417401397 0
-0.400988417401393 0
-0.420988417401404 0
-0.4409884174014 0
-0.460988417401396 0
-0.480988417401406 0
-0.500988417401402 0
-0.520988417401398 0
-0.540988417401394 0
-0.560988417401404 0
-0.5809884174014 0
-0.600988417401396 0
-0.620988417401406 0
-0.640988417401402 0
-0.660988417401398 0
-0.680988417401394 0
-0.700988417401405 0
-0.720988417401401 0
-0.740988417401397 0
-0.760988417401393 0
-0.780988417401403 0
-0.800988417401399 0
-0.820988417401395 0
-0.840988417401405 0
-0.860988417401401 0
-0.880988417401397 0
-0.900988417401393 0
-0.920988417401404 0
-0.9409884174014 0
-0.960988417401396 0
-0.980988417401406 0
-1.0009884174014 0
-1.0209884174014 0
-1.04098841740139 0
-1.0609884174014 0
-1.0809884174014 0
-1.1009884174014 0
-1.12098841740141 0
-1.1409884174014 0
-1.1609884174014 0
-1.18098841740139 0
-1.2009884174014 0
-1.2209884174014 0
-1.2409884174014 0
-1.26098841740139 0
-1.2809884174014 0
-1.3009884174014 0
-1.3209884174014 0
-1.34098841740141 0
-1.3609884174014 0
-1.3809884174014 0
-1.40098841740139 0
-1.4209884174014 0
-1.4409884174014 0
-1.4609884174014 0
-1.48098841740141 0
-1.5009884174014 0
-1.5209884174014 0
-1.54098841740139 0
-1.5609884174014 0
-1.5809884174014 0
-1.6009884174014 0
-1.62098841740141 0
-1.6409884174014 0
-1.6609884174014 0
-1.68098841740139 0
-1.7009884174014 0
-1.7209884174014 0
-1.7409884174014 0
-1.76098841740139 0
-1.7809884174014 0
-1.8009884174014 0
-1.8209884174014 0
-1.84098841740141 0
-1.8609884174014 0
-1.8809884174014 0
-1.90098841740139 0
-1.9209884174014 0
-1.9409884174014 0
